bed 0 0 -10 112.13 87.89 589.25 524.76 0.9889286
night_stand 0 0 -10 51.85 196.24 177.39 309.23 0.9588282
table 0 0 -10 142.70 217.15 603.89 530.00 0.1537533
night_stand 0 0 -10 166.14 271.91 620.53 530.00 0.0760628
table 0 0 -10 55.94 201.35 166.67 304.40 0.0422957
dresser 0 0 -10 185.41 103.02 413.93 218.89 0.0351818
dresser 0 0 -10 47.12 201.89 170.02 313.16 0.0350747
table 0 0 -10 528.35 180.13 588.56 237.47 0.0299322
desk 0 0 -10 44.33 201.95 171.54 311.86 0.0238756
table 0 0 -10 521.42 178.51 600.98 268.53 0.0236182
desk 0 0 -10 520.90 167.80 595.20 242.25 0.0232244
desk 0 0 -10 120.98 209.35 607.94 530.00 0.0225495
sofa 0 0 -10 682.44 200.69 728.40 312.82 0.0191000
table 0 0 -10 524.05 165.02 593.08 219.75 0.0150612
dresser 0 0 -10 135.46 268.30 623.04 530.00 0.0118353
sofa 0 0 -10 114.65 93.90 594.41 527.26 0.0111465
bed 0 0 -10 153.15 274.64 634.19 530.00 0.0077129
table 0 0 -10 528.15 176.46 591.21 206.35 0.0073763
chair 0 0 -10 145.20 95.96 613.04 530.00 0.0070725
bed 0 0 -10 45.33 195.07 171.81 314.78 0.0064634
chair 0 0 -10 672.02 192.90 729.50 300.39 0.0057663
table 0 0 -10 557.54 187.99 592.25 268.33 0.0054983
table 0 0 -10 538.06 186.31 588.26 210.67 0.0049863
bed 0 0 -10 173.79 31.35 568.12 301.14 0.0047635
table 0 0 -10 678.86 203.22 727.62 298.44 0.0046870
table 0 0 -10 518.10 183.37 549.35 237.58 0.0042183
table 0 0 -10 578.61 180.37 592.28 270.74 0.0038931
table 0 0 -10 163.97 396.23 617.09 525.35 0.0038182
desk 0 0 -10 524.55 176.25 590.43 210.36 0.0037775
chair 0 0 -10 517.20 177.80 547.93 238.77 0.0037572
dresser 0 0 -10 122.12 97.65 534.24 427.75 0.0032294
table 0 0 -10 574.87 183.75 598.86 283.81 0.0030261
table 0 0 -10 479.29 180.55 587.06 242.55 0.0029998
sofa 0 0 -10 156.38 281.55 631.98 530.00 0.0029662
dresser 0 0 -10 574.79 173.31 598.44 271.09 0.0027777
table 0 0 -10 52.80 203.72 178.27 379.40 0.0025228
night_stand 0 0 -10 574.68 180.56 599.55 270.01 0.0025183
desk 0 0 -10 578.45 177.79 592.57 271.46 0.0024593
sofa 0 0 -10 54.40 200.19 169.63 302.81 0.0023983
desk 0 0 -10 140.74 357.73 632.02 528.84 0.0023793
chair 0 0 -10 300.73 0.83 415.45 118.58 0.0023754
chair 0 0 -10 571.58 170.54 600.29 267.96 0.0022792
sofa 0 0 -10 522.72 168.16 593.29 231.30 0.0022592
bed 0 0 -10 112.13 115.64 414.75 437.74 0.0021883
dresser 0 0 -10 680.55 194.99 728.53 304.72 0.0021749
dresser 0 0 -10 199.70 9.91 413.73 202.06 0.0021531
sofa 0 0 -10 515.15 185.74 556.45 246.56 0.0021174
chair 0 0 -10 36.42 197.11 164.40 311.62 0.0020486
bed 0 0 -10 681.60 197.70 728.80 313.75 0.0019523
table 0 0 -10 525.57 163.74 594.10 191.35 0.0019128
night_stand 0 0 -10 680.86 197.97 728.85 308.32 0.0018603
night_stand 0 0 -10 178.79 399.96 627.80 527.25 0.0018243
chair 0 0 -10 523.15 169.66 574.74 236.26 0.0017822
bookshelf 0 0 -10 133.80 93.05 528.20 425.64 0.0015993
night_stand 0 0 -10 138.35 198.17 179.07 258.02 0.0015264
night_stand 0 0 -10 117.59 114.64 569.71 506.80 0.0014741
bed 0 0 -10 521.08 165.16 594.29 231.62 0.0014433
bed 0 0 -10 57.82 108.09 211.85 310.64 0.0013841
desk 0 0 -10 544.78 182.19 597.06 268.74 0.0013351
night_stand 0 0 -10 558.96 188.88 594.26 269.01 0.0013000
chair 0 0 -10 567.05 129.29 611.47 269.24 0.0012696
dresser 0 0 -10 0.06 60.24 28.24 313.94 0.0012633
desk 0 0 -10 525.64 138.05 583.10 219.10 0.0012370
table 0 0 -10 58.14 192.41 182.04 223.49 0.0012028
night_stand 0 0 -10 58.29 192.01 186.00 223.78 0.0011687
table 0 0 -10 562.95 169.29 611.37 280.92 0.0011661
bookshelf 0 0 -10 47.07 199.54 171.24 313.12 0.0011507
chair 0 0 -10 499.54 161.25 550.31 248.21 0.0011468
night_stand 0 0 -10 50.48 193.96 149.16 263.54 0.0010976
dresser 0 0 -10 585.70 172.41 599.45 280.40 0.0010503
toilet 0 0 -10 41.62 202.99 167.48 316.80 0.0010450
chair 0 0 -10 461.18 1.90 533.96 69.99 0.0010359
table 0 0 -10 556.61 172.48 600.77 239.38 0.0009840
desk 0 0 -10 574.58 180.23 599.47 283.89 0.0009795
bathtub 0 0 -10 145.52 285.53 609.58 528.78 0.0009729
night_stand 0 0 -10 300.95 0.00 409.01 108.24 0.0009492
desk 0 0 -10 517.49 180.85 551.06 239.57 0.0009300
sofa 0 0 -10 524.33 175.55 589.36 209.71 0.0009208
table 0 0 -10 93.12 107.99 575.27 441.40 0.0008780
bed 0 0 -10 346.06 112.49 585.36 329.59 0.0008666
dresser 0 0 -10 520.67 165.02 595.54 239.99 0.0008405
bathtub 0 0 -10 35.01 206.63 171.09 315.41 0.0008277
dresser 0 0 -10 370.21 52.00 556.18 234.53 0.0008238
night_stand 0 0 -10 111.70 198.33 188.57 246.83 0.0008101
night_stand 0 0 -10 126.79 301.85 207.67 449.35 0.0007972
chair 0 0 -10 520.40 117.45 582.00 175.36 0.0007972
bed 0 0 -10 475.03 176.66 592.59 243.99 0.0007962
desk 0 0 -10 85.83 97.88 582.45 447.33 0.0007869
desk 0 0 -10 679.66 196.45 729.43 303.19 0.0007535
table 0 0 -10 537.08 175.67 701.46 273.44 0.0007395
chair 0 0 -10 203.67 2.04 335.26 96.49 0.0007392
sofa 0 0 -10 636.29 195.54 723.83 307.53 0.0007385
bed 0 0 -10 547.54 173.15 598.43 242.09 0.0007356
desk 0 0 -10 526.98 99.66 602.72 235.80 0.0007344
table 0 0 -10 573.46 189.63 586.23 262.55 0.0007129
bed 0 0 -10 565.95 174.39 604.04 259.64 0.0007010
table 0 0 -10 297.85 1.59 405.20 109.49 0.0007000
table 0 0 -10 629.41 183.02 710.70 307.78 0.0006749
desk 0 0 -10 524.81 162.99 593.91 199.55 0.0006713
dresser 0 0 -10 198.01 26.32 551.97 278.84 0.0006538
