bed 0 0 -10 74.46 161.19 655.18 529.01 0.9930301
night_stand 0 0 -10 307.95 253.90 406.98 333.71 0.9116214
night_stand 0 0 -10 78.67 211.75 167.34 267.40 0.8895400
dresser 0 0 -10 217.50 204.89 338.26 272.76 0.7789017
night_stand 0 0 -10 599.61 294.51 730.00 521.02 0.7670963
bed 0 0 -10 0.00 180.33 167.07 364.41 0.6118156
dresser 0 0 -10 602.82 294.29 730.00 507.44 0.4892671
night_stand 0 0 -10 59.18 213.01 172.87 324.05 0.3439279
night_stand 0 0 -10 252.22 263.47 429.98 336.41 0.2388627
night_stand 0 0 -10 313.69 249.78 400.56 274.47 0.1844822
night_stand 0 0 -10 7.87 218.95 168.70 355.72 0.1803956
bed 0 0 -10 0.00 192.08 123.53 292.38 0.1673693
bed 0 0 -10 0.00 124.02 131.54 322.73 0.1489016
desk 0 0 -10 233.29 205.17 339.02 268.55 0.1445911
dresser 0 0 -10 208.65 201.47 281.26 272.65 0.1049450
dresser 0 0 -10 0.69 127.83 77.90 218.39 0.1000058
bed 0 0 -10 0.00 130.69 261.16 392.02 0.0775105
sofa 0 0 -10 114.08 181.48 674.31 511.21 0.0754615
table 0 0 -10 303.27 254.71 396.68 346.07 0.0692337
night_stand 0 0 -10 2.17 121.84 78.63 217.26 0.0484133
night_stand 0 0 -10 223.38 205.29 342.42 273.16 0.0474547
night_stand 0 0 -10 199.30 203.83 390.00 336.05 0.0394364
table 0 0 -10 4.90 233.39 138.50 300.65 0.0300534
dresser 0 0 -10 79.62 213.73 169.02 269.10 0.0266357
dresser 0 0 -10 1.45 113.48 135.12 305.88 0.0257915
dresser 0 0 -10 1.42 195.94 161.26 380.18 0.0243817
sofa 0 0 -10 3.86 207.29 157.26 386.18 0.0230836
table 0 0 -10 4.18 213.21 162.27 371.29 0.0228784
night_stand 0 0 -10 114.15 273.30 670.49 530.00 0.0222727
dresser 0 0 -10 615.61 195.05 727.16 403.88 0.0216420
desk 0 0 -10 0.63 120.32 79.14 217.40 0.0213965
bed 0 0 -10 27.51 200.20 358.93 381.50 0.0208348
dresser 0 0 -10 227.09 150.33 337.72 263.34 0.0207125
dresser 0 0 -10 48.92 255.63 672.10 530.00 0.0190928
night_stand 0 0 -10 272.60 220.71 424.71 356.17 0.0185771
dresser 0 0 -10 645.29 101.36 729.52 338.97 0.0169754
night_stand 0 0 -10 8.11 210.17 156.54 280.74 0.0162615
bed 0 0 -10 38.51 211.70 173.92 318.71 0.0158024
dresser 0 0 -10 683.22 301.04 729.34 523.46 0.0157379
table 0 0 -10 216.84 204.18 334.22 269.44 0.0145469
desk 0 0 -10 604.83 287.69 730.00 530.00 0.0133835
bookshelf 0 0 -10 0.82 123.77 78.44 220.95 0.0125560
dresser 0 0 -10 207.41 202.81 336.18 336.27 0.0122133
night_stand 0 0 -10 318.56 237.12 411.15 269.33 0.0118800
dresser 0 0 -10 60.51 213.34 171.51 326.53 0.0116822
dresser 0 0 -10 681.49 115.52 725.13 310.26 0.0113607
night_stand 0 0 -10 318.90 249.52 428.83 287.71 0.0104074
dresser 0 0 -10 252.59 200.58 310.22 263.65 0.0103685
table 0 0 -10 5.76 211.58 172.93 283.02 0.0098571
table 0 0 -10 248.06 266.66 425.32 336.10 0.0097284
table 0 0 -10 3.34 125.18 76.71 216.89 0.0094840
bed 0 0 -10 205.50 179.07 552.63 450.11 0.0093813
sofa 0 0 -10 417.49 181.43 659.67 275.83 0.0088945
dresser 0 0 -10 305.62 254.78 395.78 345.57 0.0084592
bed 0 0 -10 589.44 246.66 730.00 530.00 0.0083581
night_stand 0 0 -10 211.85 199.67 280.92 269.44 0.0082138
night_stand 0 0 -10 331.04 253.56 381.84 273.45 0.0077677
sofa 0 0 -10 359.25 188.55 678.47 483.09 0.0075638
chair 0 0 -10 0.46 117.84 78.54 213.59 0.0073066
bed 0 0 -10 0.00 116.69 91.67 264.12 0.0072958
dresser 0 0 -10 704.28 325.02 728.94 508.56 0.0072917
desk 0 0 -10 303.33 254.87 398.09 346.77 0.0071821
table 0 0 -10 65.30 205.68 165.23 300.82 0.0060006
desk 0 0 -10 7.62 213.83 163.26 320.16 0.0057858
dresser 0 0 -10 574.39 213.49 708.03 498.51 0.0057135
dresser 0 0 -10 154.16 194.13 256.29 271.52 0.0057010
chair 0 0 -10 659.04 103.61 729.52 230.18 0.0054716
dresser 0 0 -10 154.43 125.53 334.84 269.25 0.0050611
dresser 0 0 -10 171.96 199.19 375.91 288.43 0.0048371
bed 0 0 -10 294.34 255.78 438.41 339.25 0.0048234
chair 0 0 -10 302.53 250.81 397.12 344.48 0.0048216
table 0 0 -10 314.05 249.87 399.65 273.89 0.0047883
bed 0 0 -10 0.00 84.60 433.06 411.83 0.0046707
dresser 0 0 -10 645.01 198.43 726.21 304.85 0.0046671
chair 0 0 -10 217.23 201.59 319.90 268.18 0.0045847
bed 0 0 -10 211.25 197.63 338.83 270.84 0.0045323
desk 0 0 -10 208.42 199.87 340.97 302.14 0.0044855
dresser 0 0 -10 675.41 228.46 725.17 416.18 0.0043830
sofa 0 0 -10 3.60 122.01 78.55 216.66 0.0043619
dresser 0 0 -10 252.66 264.85 427.76 336.15 0.0042804
bookshelf 0 0 -10 2.09 99.29 90.30 268.06 0.0041900
dresser 0 0 -10 717.85 294.89 729.72 514.43 0.0041356
bed 0 0 -10 65.61 239.32 430.71 515.92 0.0040306
dresser 0 0 -10 32.12 206.25 159.94 289.33 0.0039678
chair 0 0 -10 2.14 124.07 132.06 318.31 0.0039380
night_stand 0 0 -10 4.45 128.57 134.10 302.65 0.0037985
sofa 0 0 -10 2.49 204.28 167.40 280.73 0.0037281
chair 0 0 -10 189.42 196.75 306.38 337.33 0.0034810
toilet 0 0 -10 302.74 255.20 394.42 351.65 0.0034125
night_stand 0 0 -10 8.41 224.57 128.73 262.57 0.0032220
table 0 0 -10 609.40 301.67 727.68 530.00 0.0031929
table 0 0 -10 313.97 250.40 435.68 326.27 0.0031802
table 0 0 -10 76.85 213.03 161.91 268.20 0.0031740
night_stand 0 0 -10 307.89 238.91 391.42 304.79 0.0031300
bookshelf 0 0 -10 689.89 110.62 727.49 260.70 0.0030572
night_stand 0 0 -10 8.30 247.14 158.31 301.84 0.0030477
night_stand 0 0 -10 169.86 128.97 229.23 190.27 0.0030271
chair 0 0 -10 12.75 202.70 153.58 312.42 0.0029309
sofa 0 0 -10 618.69 193.05 729.67 322.25 0.0029175
bookshelf 0 0 -10 263.11 122.92 330.10 210.98 0.0028865
