bed 0 0 -10 84.89 167.15 468.72 525.12 0.9952428
night_stand 0 0 -10 455.40 309.21 551.32 411.49 0.9641371
dresser 0 0 -10 47.87 213.47 231.82 335.18 0.7589999
dresser 0 0 -10 544.18 286.44 715.26 434.96 0.5766941
night_stand 0 0 -10 51.00 211.46 240.85 328.98 0.5533804
dresser 0 0 -10 678.51 302.21 729.39 433.09 0.5294653
dresser 0 0 -10 57.01 86.24 249.35 310.26 0.2084377
night_stand 0 0 -10 543.35 287.92 708.94 446.28 0.2024483
night_stand 0 0 -10 458.61 309.86 542.14 368.21 0.1511643
dresser 0 0 -10 715.97 279.92 729.58 454.84 0.1455076
dresser 0 0 -10 0.72 155.01 66.72 306.91 0.1092101
dresser 0 0 -10 704.74 300.70 729.77 449.49 0.0842709
night_stand 0 0 -10 690.09 297.14 730.00 450.58 0.0827914
desk 0 0 -10 542.72 295.03 728.70 447.24 0.0816956
dresser 0 0 -10 632.90 302.28 727.85 439.93 0.0776259
night_stand 0 0 -10 463.74 293.27 655.10 426.80 0.0744234
dresser 0 0 -10 124.66 99.86 242.89 270.47 0.0610872
bed 0 0 -10 36.80 196.37 277.45 353.25 0.0343253
bed 0 0 -10 529.47 280.49 727.81 453.98 0.0328916
night_stand 0 0 -10 455.63 300.44 539.82 343.56 0.0241575
table 0 0 -10 547.41 293.50 707.42 448.70 0.0231162
bed 0 0 -10 53.04 76.08 255.28 360.82 0.0221206
desk 0 0 -10 45.01 219.25 226.88 339.77 0.0202217
dresser 0 0 -10 685.71 302.11 728.87 366.77 0.0195208
night_stand 0 0 -10 0.76 146.57 67.84 316.21 0.0193852
dresser 0 0 -10 463.32 304.36 557.95 415.84 0.0192442
dresser 0 0 -10 697.29 327.59 728.85 416.76 0.0182020
table 0 0 -10 47.47 222.57 222.77 336.20 0.0168611
table 0 0 -10 1.62 153.07 59.35 329.54 0.0166102
desk 0 0 -10 0.65 157.13 68.30 309.56 0.0165915
night_stand 0 0 -10 545.00 281.84 631.55 412.19 0.0137479
dresser 0 0 -10 580.86 267.57 686.39 382.20 0.0128085
night_stand 0 0 -10 498.33 314.06 555.57 409.82 0.0121962
dresser 0 0 -10 562.95 292.76 630.21 413.18 0.0119093
night_stand 0 0 -10 716.17 289.60 729.82 451.85 0.0111223
dresser 0 0 -10 721.67 294.43 729.47 428.96 0.0100282
dresser 0 0 -10 718.59 333.92 728.25 435.22 0.0086671
dresser 0 0 -10 710.70 338.71 729.25 420.59 0.0079500
night_stand 0 0 -10 555.43 257.02 628.21 369.59 0.0078906
night_stand 0 0 -10 659.39 329.87 730.00 431.99 0.0075559
dresser 0 0 -10 661.09 304.85 716.70 417.77 0.0073430
dresser 0 0 -10 664.60 338.88 728.73 403.87 0.0070114
chair 0 0 -10 0.00 151.35 55.82 327.11 0.0069517
night_stand 0 0 -10 447.89 304.76 513.85 354.82 0.0068676
sofa 0 0 -10 83.41 229.83 498.05 530.00 0.0068555
dresser 0 0 -10 556.10 257.62 627.38 369.61 0.0065345
bed 0 0 -10 688.16 286.92 730.00 454.87 0.0065320
table 0 0 -10 468.26 306.97 554.81 418.73 0.0064290
night_stand 0 0 -10 485.08 299.81 593.26 414.03 0.0064152
night_stand 0 0 -10 559.96 272.27 616.96 332.56 0.0063904
table 0 0 -10 571.21 250.53 620.09 292.74 0.0062206
dresser 0 0 -10 573.78 290.15 620.30 369.52 0.0056945
dresser 0 0 -10 82.52 157.75 480.26 520.08 0.0051989
night_stand 0 0 -10 581.94 269.86 624.16 356.97 0.0044403
table 0 0 -10 1.00 174.54 22.71 340.00 0.0040861
dresser 0 0 -10 457.72 292.01 652.75 425.10 0.0040758
night_stand 0 0 -10 62.96 94.72 247.24 305.13 0.0040478
dresser 0 0 -10 454.08 272.03 542.25 393.80 0.0040153
desk 0 0 -10 689.58 303.16 729.60 456.88 0.0039485
dresser 0 0 -10 615.84 263.19 705.29 361.32 0.0038466
night_stand 0 0 -10 99.91 230.46 476.04 530.00 0.0036867
night_stand 0 0 -10 481.95 303.35 566.29 359.54 0.0036863
dresser 0 0 -10 725.00 292.90 729.82 416.28 0.0035398
dresser 0 0 -10 76.28 156.15 231.71 293.09 0.0035050
dresser 0 0 -10 659.07 298.61 723.06 362.53 0.0032321
dresser 0 0 -10 637.03 301.87 691.60 409.24 0.0031889
dresser 0 0 -10 574.65 276.29 634.97 343.92 0.0031767
chair 0 0 -10 571.50 185.02 639.57 260.40 0.0030462
dresser 0 0 -10 3.99 156.18 30.53 332.09 0.0030361
table 0 0 -10 334.19 100.68 491.84 212.73 0.0030203
table 0 0 -10 689.89 306.53 729.05 459.71 0.0030100
dresser 0 0 -10 576.49 169.07 730.00 407.53 0.0029546
dresser 0 0 -10 310.19 103.44 505.97 287.60 0.0029033
table 0 0 -10 564.65 189.85 639.07 255.92 0.0027595
chair 0 0 -10 43.17 213.31 207.91 340.82 0.0027036
table 0 0 -10 83.42 252.76 486.01 530.00 0.0026743
night_stand 0 0 -10 340.14 363.77 477.33 527.89 0.0026283
chair 0 0 -10 331.42 96.29 457.36 205.08 0.0025833
bed 0 0 -10 463.30 300.20 558.68 421.37 0.0025583
chair 0 0 -10 90.15 170.94 486.90 528.33 0.0025543
desk 0 0 -10 464.44 301.69 558.45 417.45 0.0024806
night_stand 0 0 -10 163.14 222.71 237.78 279.99 0.0023566
night_stand 0 0 -10 452.06 278.18 557.06 356.37 0.0022941
dresser 0 0 -10 7.68 123.93 135.29 301.46 0.0022436
chair 0 0 -10 537.89 274.39 692.60 437.13 0.0022244
chair 0 0 -10 556.99 267.92 617.41 335.24 0.0022171
bookshelf 0 0 -10 62.16 79.51 246.83 312.90 0.0022010
night_stand 0 0 -10 65.58 211.25 272.50 438.70 0.0021692
chair 0 0 -10 675.29 291.15 730.00 432.73 0.0021467
dresser 0 0 -10 575.35 189.56 645.39 267.42 0.0021301
dresser 0 0 -10 53.95 207.93 166.34 315.33 0.0021280
night_stand 0 0 -10 617.32 301.03 729.36 463.05 0.0021005
dresser 0 0 -10 599.02 276.24 637.16 362.23 0.0020880
night_stand 0 0 -10 718.75 338.23 728.52 434.79 0.0020755
night_stand 0 0 -10 686.52 300.70 729.15 366.60 0.0019261
table 0 0 -10 568.29 225.22 627.65 295.93 0.0018681
night_stand 0 0 -10 575.91 250.78 667.23 347.20 0.0018560
bed 0 0 -10 0.00 144.78 68.11 315.08 0.0018240
bookshelf 0 0 -10 575.68 187.92 644.30 268.84 0.0018238
dresser 0 0 -10 576.84 251.14 666.68 347.09 0.0017708
