bed 0 0 -10 0.00 120.49 471.22 530.00 0.9899822
night_stand 0 0 -10 466.37 306.92 675.63 502.35 0.8677854
night_stand 0 0 -10 2.61 148.38 72.09 251.87 0.6969147
night_stand 0 0 -10 44.50 201.57 150.62 279.84 0.6011212
dresser 0 0 -10 461.47 328.70 689.22 506.07 0.3985506
night_stand 0 0 -10 9.45 193.37 158.25 313.39 0.3606137
night_stand 0 0 -10 57.07 200.73 151.17 244.75 0.2942304
sofa 0 0 -10 0.00 136.57 480.50 526.82 0.2374999
night_stand 0 0 -10 11.17 178.17 135.49 256.76 0.1470702
chair 0 0 -10 0.00 376.32 264.13 530.00 0.0393717
night_stand 0 0 -10 4.58 129.03 128.84 342.96 0.0358145
dresser 0 0 -10 0.81 132.54 74.10 249.18 0.0357704
table 0 0 -10 477.02 319.02 671.73 511.27 0.0292029
night_stand 0 0 -10 4.55 181.96 84.17 287.18 0.0224589
night_stand 0 0 -10 1.98 176.69 64.44 233.20 0.0221353
desk 0 0 -10 460.64 316.40 692.65 517.87 0.0220080
night_stand 0 0 -10 8.41 125.19 108.46 251.00 0.0201211
bed 0 0 -10 429.22 355.91 726.98 527.87 0.0185063
bed 0 0 -10 0.00 178.25 167.84 384.35 0.0171684
table 0 0 -10 2.26 146.75 81.35 244.60 0.0148819
night_stand 0 0 -10 25.04 164.54 78.78 264.84 0.0120566
dresser 0 0 -10 2.18 45.52 99.39 284.29 0.0118718
sofa 0 0 -10 436.07 361.60 723.45 529.88 0.0104749
night_stand 0 0 -10 13.98 228.17 140.28 289.41 0.0103945
night_stand 0 0 -10 1.41 77.47 77.58 287.28 0.0083456
bed 0 0 -10 1.12 195.62 250.09 523.04 0.0068518
chair 0 0 -10 40.57 128.78 489.97 530.00 0.0068050
bed 0 0 -10 0.00 73.26 209.40 424.01 0.0054967
table 0 0 -10 0.23 222.69 475.25 530.00 0.0054419
night_stand 0 0 -10 71.72 208.22 193.91 308.04 0.0052463
table 0 0 -10 5.15 120.85 71.89 204.78 0.0047719
dresser 0 0 -10 2.51 136.97 139.52 296.90 0.0045831
desk 0 0 -10 0.69 124.40 77.11 247.12 0.0044912
night_stand 0 0 -10 91.69 207.69 163.13 283.11 0.0041811
chair 0 0 -10 12.09 279.70 406.92 527.74 0.0039414
night_stand 0 0 -10 47.15 173.83 483.56 530.00 0.0039386
bed 0 0 -10 1.99 357.69 299.51 529.42 0.0038626
night_stand 0 0 -10 4.53 141.80 51.15 317.38 0.0035755
night_stand 0 0 -10 35.75 183.85 93.19 272.81 0.0030481
night_stand 0 0 -10 0.58 139.34 24.24 273.03 0.0030288
dresser 0 0 -10 11.97 147.33 475.22 530.00 0.0029622
night_stand 0 0 -10 5.65 136.96 78.47 202.58 0.0029175
night_stand 0 0 -10 466.53 305.73 591.92 461.69 0.0027805
table 0 0 -10 5.41 363.51 310.80 530.00 0.0026480
night_stand 0 0 -10 11.32 167.70 54.52 213.72 0.0024617
chair 0 0 -10 2.75 369.60 117.86 528.80 0.0022960
night_stand 0 0 -10 0.64 110.38 50.97 231.62 0.0022278
bed 0 0 -10 0.18 49.12 79.53 300.66 0.0020590
bed 0 0 -10 0.00 121.15 93.50 484.76 0.0020510
desk 0 0 -10 0.00 150.24 492.51 525.44 0.0020317
bed 0 0 -10 188.03 103.69 698.05 530.00 0.0019509
night_stand 0 0 -10 0.12 95.17 38.49 382.11 0.0019442
table 0 0 -10 8.83 196.57 156.18 316.13 0.0019191
dresser 0 0 -10 17.45 200.23 155.55 295.09 0.0018839
night_stand 0 0 -10 116.37 213.28 211.10 296.56 0.0016193
table 0 0 -10 47.10 197.79 148.73 247.48 0.0015911
night_stand 0 0 -10 381.29 348.15 715.43 523.78 0.0015737
table 0 0 -10 1.86 113.21 51.67 239.07 0.0015628
dresser 0 0 -10 1.97 90.88 76.59 392.22 0.0015130
bed 0 0 -10 0.00 131.89 146.14 308.38 0.0014833
night_stand 0 0 -10 19.13 153.22 82.39 218.18 0.0014752
bookshelf 0 0 -10 9.52 67.75 471.09 498.23 0.0014108
bed 0 0 -10 16.75 201.00 166.94 303.35 0.0014089
chair 0 0 -10 0.00 198.86 61.60 519.96 0.0013462
table 0 0 -10 5.06 82.90 107.08 254.09 0.0013185
dresser 0 0 -10 5.67 175.04 134.12 253.33 0.0012996
dresser 0 0 -10 0.40 83.72 51.74 275.52 0.0012749
bookshelf 0 0 -10 463.58 322.17 692.48 511.11 0.0012682
dresser 0 0 -10 439.94 102.32 724.26 474.20 0.0012544
table 0 0 -10 363.45 396.18 716.10 530.00 0.0012110
bed 0 0 -10 1.11 146.13 47.20 503.16 0.0011724
sofa 0 0 -10 189.38 121.39 700.62 530.00 0.0011389
bed 0 0 -10 349.29 250.83 694.70 529.83 0.0011320
table 0 0 -10 56.20 205.86 153.41 292.80 0.0010840
chair 0 0 -10 143.23 353.57 397.73 530.00 0.0010635
desk 0 0 -10 1.90 68.54 112.09 254.57 0.0010620
night_stand 0 0 -10 0.34 145.46 86.19 460.98 0.0010575
chair 0 0 -10 5.29 96.09 100.25 229.99 0.0010408
bed 0 0 -10 19.53 46.36 459.08 282.07 0.0010165
table 0 0 -10 1.94 107.83 56.45 178.65 0.0009709
table 0 0 -10 6.44 400.83 161.24 530.00 0.0009640
table 0 0 -10 0.99 89.23 41.60 203.96 0.0009325
bed 0 0 -10 0.86 123.88 76.46 255.10 0.0009292
sofa 0 0 -10 125.34 128.72 485.35 317.63 0.0008989
table 0 0 -10 234.06 22.13 450.89 162.09 0.0008774
chair 0 0 -10 0.63 9.91 81.05 221.67 0.0008550
night_stand 0 0 -10 39.24 144.24 153.60 249.33 0.0007453
chair 0 0 -10 464.37 308.14 699.93 515.04 0.0007267
chair 0 0 -10 470.51 94.92 590.20 227.24 0.0007197
dresser 0 0 -10 13.67 107.25 133.03 233.93 0.0007111
bathtub 0 0 -10 459.45 305.26 704.38 517.44 0.0007088
dresser 0 0 -10 48.33 205.17 149.14 249.25 0.0007021
sofa 0 0 -10 2.47 114.88 86.15 213.98 0.0006836
chair 0 0 -10 3.85 109.63 71.80 206.03 0.0006658
night_stand 0 0 -10 3.84 147.41 15.74 237.27 0.0006526
bathtub 0 0 -10 2.59 104.20 517.83 486.27 0.0006519
dresser 0 0 -10 581.64 160.03 729.07 461.78 0.0006408
desk 0 0 -10 0.00 144.72 140.61 305.96 0.0006347
bookshelf 0 0 -10 488.36 103.53 666.82 252.57 0.0006192
table 0 0 -10 1.05 143.28 22.58 272.82 0.0006187
