dresser 0 0 -10 0.00 4.63 229.61 506.07 0.9671742
bed 0 0 -10 325.94 197.41 674.12 522.54 0.7690236
night_stand 0 0 -10 351.08 249.28 669.98 522.34 0.4608725
night_stand 0 0 -10 574.68 274.59 675.14 335.50 0.2503404
night_stand 0 0 -10 169.26 168.09 301.17 356.38 0.1819366
dresser 0 0 -10 129.90 16.31 287.91 356.38 0.1383614
dresser 0 0 -10 326.78 232.28 666.34 517.07 0.1048061
dresser 0 0 -10 163.13 150.79 305.29 344.88 0.0900657
dresser 0 0 -10 3.80 5.54 100.59 516.54 0.0817019
night_stand 0 0 -10 586.22 269.81 712.06 399.23 0.0659305
night_stand 0 0 -10 695.86 283.50 729.98 400.31 0.0485836
table 0 0 -10 691.31 266.61 726.73 400.19 0.0300846
dresser 0 0 -10 0.00 236.59 198.92 525.09 0.0285815
night_stand 0 0 -10 536.23 253.23 663.51 335.17 0.0265132
night_stand 0 0 -10 646.12 261.97 728.72 396.23 0.0254247
bed 0 0 -10 376.57 155.37 586.56 283.71 0.0251486
dresser 0 0 -10 337.41 160.90 641.98 415.38 0.0235936
table 0 0 -10 172.86 168.53 300.49 352.31 0.0211648
night_stand 0 0 -10 9.73 185.17 182.47 523.14 0.0184744
sofa 0 0 -10 342.51 251.94 678.65 521.48 0.0174416
bed 0 0 -10 337.44 154.80 637.57 386.09 0.0145650
desk 0 0 -10 0.00 170.46 186.56 528.75 0.0111596
night_stand 0 0 -10 389.08 219.22 599.69 352.49 0.0107695
night_stand 0 0 -10 140.31 34.45 292.66 359.01 0.0106386
night_stand 0 0 -10 23.66 6.78 238.60 441.25 0.0101270
table 0 0 -10 579.26 269.50 669.43 319.72 0.0098805
dresser 0 0 -10 384.86 162.48 577.13 277.41 0.0089098
night_stand 0 0 -10 517.90 267.21 674.64 402.26 0.0088033
table 0 0 -10 332.79 260.43 685.99 524.58 0.0087451
table 0 0 -10 672.72 274.73 727.99 343.00 0.0085954
dresser 0 0 -10 18.74 1.40 232.79 279.89 0.0084762
dresser 0 0 -10 695.54 274.92 729.38 400.15 0.0083456
bed 0 0 -10 2.11 63.15 203.93 530.00 0.0081682
bed 0 0 -10 690.45 249.94 729.78 419.58 0.0077746
table 0 0 -10 4.18 270.94 173.75 530.00 0.0065164
chair 0 0 -10 685.83 261.95 729.78 388.94 0.0064098
table 0 0 -10 662.30 252.19 728.58 382.03 0.0063842
desk 0 0 -10 690.80 264.95 727.96 401.21 0.0061511
sofa 0 0 -10 691.59 253.51 729.15 424.18 0.0059084
table 0 0 -10 679.03 263.64 728.80 316.84 0.0053112
dresser 0 0 -10 646.09 244.57 725.72 379.72 0.0041151
bookshelf 0 0 -10 0.70 0.00 219.00 522.15 0.0039640
chair 0 0 -10 333.46 257.68 687.54 523.01 0.0038350
dresser 0 0 -10 26.34 0.00 410.22 432.79 0.0038129
desk 0 0 -10 10.77 0.00 255.03 465.02 0.0034924
chair 0 0 -10 0.00 207.89 217.19 527.30 0.0033958
chair 0 0 -10 160.13 168.87 305.21 357.65 0.0031881
night_stand 0 0 -10 571.95 241.98 672.69 314.44 0.0030922
desk 0 0 -10 171.87 161.97 303.96 349.05 0.0030461
bed 0 0 -10 169.86 151.31 302.63 356.72 0.0028647
night_stand 0 0 -10 671.49 292.29 728.06 380.83 0.0027797
night_stand 0 0 -10 714.38 277.69 730.00 411.96 0.0025933
dresser 0 0 -10 157.76 40.79 241.83 345.19 0.0023496
night_stand 0 0 -10 692.95 317.62 729.41 379.62 0.0023084
chair 0 0 -10 249.30 157.39 312.12 243.23 0.0022627
desk 0 0 -10 320.75 249.87 700.24 520.85 0.0022450
chair 0 0 -10 263.71 138.26 316.77 304.21 0.0021180
table 0 0 -10 648.15 246.53 727.66 328.78 0.0020180
night_stand 0 0 -10 395.66 165.10 578.93 279.95 0.0019763
table 0 0 -10 691.26 250.51 728.86 299.37 0.0019555
night_stand 0 0 -10 349.04 175.79 639.17 406.46 0.0018587
table 0 0 -10 708.74 275.42 729.63 415.19 0.0018364
night_stand 0 0 -10 422.53 268.94 672.69 435.00 0.0017991
table 0 0 -10 693.28 309.96 727.36 378.14 0.0017959
bed 0 0 -10 0.00 0.00 352.13 499.84 0.0017427
dresser 0 0 -10 688.34 197.43 729.23 395.57 0.0017250
toilet 0 0 -10 690.28 265.76 727.77 398.83 0.0016906
chair 0 0 -10 673.60 274.21 729.95 335.59 0.0016770
dresser 0 0 -10 77.63 147.04 318.67 396.99 0.0016299
table 0 0 -10 584.80 279.37 673.73 343.93 0.0015967
chair 0 0 -10 276.23 166.41 316.79 247.45 0.0015934
dresser 0 0 -10 241.74 153.24 308.42 303.26 0.0015828
dresser 0 0 -10 583.23 220.52 728.69 366.64 0.0014523
night_stand 0 0 -10 241.82 156.31 310.84 300.98 0.0014503
bathtub 0 0 -10 690.26 263.93 727.66 394.66 0.0014140
table 0 0 -10 729.53 253.24 729.99 411.41 0.0014067
sofa 0 0 -10 387.06 155.49 587.18 277.79 0.0013994
night_stand 0 0 -10 496.28 236.99 611.64 343.93 0.0013012
bookshelf 0 0 -10 691.27 258.61 727.67 397.08 0.0012757
dresser 0 0 -10 212.74 111.57 297.01 299.87 0.0012504
bed 0 0 -10 456.26 160.63 705.05 406.83 0.0011776
toilet 0 0 -10 332.41 264.09 677.78 526.14 0.0011581
table 0 0 -10 237.08 158.03 306.61 306.78 0.0011235
night_stand 0 0 -10 673.05 276.05 730.00 338.17 0.0011196
night_stand 0 0 -10 637.29 282.62 729.20 470.02 0.0010951
dresser 0 0 -10 584.94 267.61 708.60 398.21 0.0010399
chair 0 0 -10 680.95 263.75 730.00 313.61 0.0010309
chair 0 0 -10 333.16 152.04 644.07 428.21 0.0010036
desk 0 0 -10 84.78 128.61 312.60 378.46 0.0010023
table 0 0 -10 19.55 146.34 291.07 526.05 0.0009643
night_stand 0 0 -10 595.88 272.60 694.84 318.33 0.0009457
dresser 0 0 -10 714.47 269.98 729.78 412.97 0.0009117
dresser 0 0 -10 116.78 182.27 224.91 366.22 0.0009071
bed 0 0 -10 662.27 251.43 730.00 382.15 0.0009014
dresser 0 0 -10 65.69 167.16 201.86 386.41 0.0008901
night_stand 0 0 -10 543.40 201.31 704.90 369.41 0.0008888
sofa 0 0 -10 664.18 252.88 730.00 378.39 0.0008821
table 0 0 -10 585.18 264.83 715.12 381.44 0.0008692
table 0 0 -10 641.81 273.63 717.12 318.19 0.0008667
dresser 0 0 -10 124.16 30.28 212.52 350.38 0.0008626
